节点总数: 1,777,011
时间步数: 55
时间范围: 0.0000 → 0.9980 s

Part ID               节点数
--------------------------
10000001          284,268
10000007          284,268
10000013           97,728
10000019           97,728
10000017           33,120
10000023           33,120
10000018           20,880
10000024           20,880
2000306            18,927
2000290            17,018
2000305            15,163
2000279            14,785
2000281            14,783
2000809            14,636
2000404            13,570
2000807            11,645
10000005           11,040
10000011           11,040
2000353            10,829
2000390            10,790
2000365            10,781
2000385             9,321
2000351             9,308
2000403             9,251
2000806             8,539
2000811             8,539
2000368             8,459
2000289             8,171
2000334             8,049
2000901             7,770
2000366             7,652
10000006            6,960
10000012            6,960
2000346             6,686
2000245             6,685
2000808             6,271
2000810             6,271
2000265             6,170
2000250             6,072
2000349             6,072
2000252             5,984
2000321             5,983
2000275             5,698
2000405             5,564
2000248             5,079
2000347             5,079
2000354             5,014
2000271             4,413
2000255             4,305
2000331             4,305
2000254             4,290
2000324             4,260
2000371             4,170
2000401             4,061
2000963             3,982
2001100             3,982
2000595             3,923
2000333             3,839
2000048             3,837
2000282             3,759
2000330             3,751
2000272             3,743
2000249             3,733
2000253             3,722
2000348             3,702
2000906             3,699
2000955             3,580
2000992             3,580
2000402             3,530
2000406             3,514
2000287             3,484
2000066             3,440
2000079             3,440
2000594             3,396
2000152             3,336
2000283             3,290
2000120             3,234
2000358             3,188
2000151             3,177
2001110             3,166
2000957             3,156
2000994             3,156
2000121             3,099
2000247             3,063
2000266             3,035
2000044             3,002
2000274             2,882
2000292             2,838
2000259             2,780
2000135             2,750
2000308             2,743
2000322             2,743
2000065             2,730
2000302             2,719
2000467             2,634
2000064             2,573
2000023             2,559
2000554             2,553
2000294             2,527
2000316             2,515
2000328             2,510
2000303             2,496
2000320             2,491
2000136             2,480
2000192             2,470
2000961             2,447
2000998             2,447
2000977             2,355
2000093             2,279
2000296             2,274
2000299             2,222
2000037             2,208
2000129             2,185
2000797             2,164
2000137             2,130
2000069             2,099
2000055             2,083
2000015             2,009
2000603             2,009
2000108             1,995
2000343             1,970
2000307             1,928
2000323             1,928
2000286             1,917
2000357             1,915
2000288             1,875
2000138             1,862
2000956             1,819
2000993             1,819
2000016             1,815
2000017             1,815
2000313             1,798
2000367             1,794
2000915             1,750
2000291             1,740
2000026             1,733
2000410             1,733
2000180             1,731
2000411             1,731
2000183             1,727
2000391             1,714
2000370             1,713
2000362             1,691
2000024             1,688
2000381             1,669
2000395             1,669
2000314             1,659
2000256             1,654
2000082             1,619
2000914             1,618
2000148             1,604
2000796             1,568
2000550             1,562
2000263             1,560
2000325             1,560
2000088             1,548
2000168             1,544
2000173             1,541
2000014             1,528
2000604             1,528
2000269             1,447
2000382             1,446
2000386             1,444
2001116             1,422
2000962             1,410
2000999             1,410
2000268             1,396
2000169             1,395
2000437             1,392
2000273             1,375
2000101             1,374
2000453             1,360
2000823             1,360
2000789             1,331
2000922             1,300
2000441             1,280
2000445             1,280
2000449             1,280
2000452             1,280
2000822             1,280
2000270             1,277
2000326             1,277
2000125             1,276
2000246             1,273
2000045             1,264
2000360             1,239
2000007             1,220
2000610             1,220
2000033             1,206
2000440             1,200
2000444             1,200
2000448             1,200
2000910             1,190
2000267             1,185
2000332             1,185
2000355             1,167
2000399             1,167
2000154             1,125
2000315             1,109
2000327             1,109
2000373             1,106
2000394             1,106
2000433             1,104
2000369             1,067
2000393             1,067
2000190             1,055
2000223             1,055
2000149             1,054
2000130             1,047
2000159             1,047
2000011             1,040
2000607             1,040
2000916             1,032
2000426             1,005
2000479             1,002
2000172               998
2000439               996
2000443               996
2000002               994
2000615               994
2000092               989
2000495               984
2000336               982
2000178               973
2000408               973
2000174               972
2000496               971
2000335               969
2000904               961
2000972               937
2001117               928
2000025               908
2000951               883
2000988               883
2000003               866
2000614               866
2000508               858
2000511               858
2000059               847
2000021               832
2000757               823
2000782               823
2000260               808
2000318               808
2000442               800
2000446               800
2000450               800
2000430               798
2000171               797
2000478               790
2000447               772
2000454               772
2000824               772
2000431               765
2000203               762
2000209               760
2000225               760
2000505               747
2000520               747
2000971               738
2000145               737
2000608               724
2000013               713
2000605               713
2000317               710
2000329               708
2000750               708
2000775               708
2000907               704
2000545               703
2000738               700
2000764               700
2000009               693
2000500               674
2000753               674
2000778               674
2000529               656
2000070               650
2000084               650
2000166               642
2000451               640
2000821               640
2000736               636
2000762               636
2000799               630
2000086               627
2000177               627
2000407               627
2000564               626
2000157               624
2000751               624
2000776               624
2000981               624
2000497               615
2000146               609
2000008               603
2000609               603
2000122               591
2001111               590
2000756               588
2000781               588
2000530               586
2000975               585
2000752               581
2000777               581
2000276               577
2000039               575
2000631               575
2000142               560
2000164               560
2000921               548
2000083               546
2001112               539
2000754               533
2000758               533
2000779               533
2000783               533
2000374               532
2000396               532
2000980               523
2000068               511
2000506               504
2000517               504
2000551               496
2000474               488
2000006               485
2000611               485
2000096               476
2000163               476
2000575               476
2000124               475
2000139               475
2000162               473
2000280               472
2000175               460
2000416               460
2000481               458
2000491               457
2000031               454
2000380               453
2000020               448
2000427               434
2000074               432
2000019               430
2000969               429
2001106               429
2000144               425
2001114               424
2000160               421
2000970               417
2001107               417
2000486               415
2000156               407
2000090               404
2000103               404
2000485               396
2000694               393
2000703               393
2000793               392
2000803               392
2000953               391
2000990               391
2000958               388
2000995               388
2000113               384
2000107               382
2000143               382
2000057               379
2000492               378
2000141               374
2000165               374
2000581               368
2000623               368
2000531               366
2000128               365
2000053               364
2000097               360
2000423               357
2000018               356
2000091               351
2000046               345
2000471               342
2000127               340
2000960               339
2000997               339
2000058               338
2000504               322
2000111               321
2000507               316
2000514               316
2000518               313
2000522               313
2000493               312
2000112               310
2000227               306
2000978               306
2000920               303
2000201               300
2000228               300
2000202               299
2000229               299
2000755               297
2000759               297
2000780               297
2000784               297
2000198               296
2000022               293
2000067               291
2000118               291
2000378               291
2000377               286
2000379               286
2000056               285
2000134               285
2000114               282
2000072               280
2000117               280
2000001               279
2000602               279
2000116               277
2000081               275
2000965               275
2001102               275
2000482               274
2000477               273
2000472               271
2000684               270
2000704               270
2000284               269
2000300               269
2000344               269
2000147               268
2000301               268
2000049               266
2000167               266
2001115               266
2000060               262
2000208               258
2000038               255
2000277               255
2000790               254
2000800               254
2000295               253
2000359               253
2000470               252
2000428               251
2000094               248
2000337               248
2000494               247
2000126               244
2000487               244
2000115               243
2000278               239
2000131               237
2000457               237
2000680               237
2000681               237
2000361               234
2000179               230
2000409               230
2000264               229
2000683               229
2000731               229
2000338               227
2000741               226
2000767               226
2000678               224
2000679               224
2000825               224
2000310               223
2000633               223
2000792               221
2000802               221
2000071               219
2000210               219
2000552               219
2000553               219
2000170               218
2000455               218
2000161               217
2000740               217
2000766               217
2000536               216
2000537               216
2000538               216
2000539               216
2000540               216
2000541               216
2000542               216
2000543               216
2000544               216
2000555               216
2000556               216
2000557               216
2000468               213
2000104               211
2000140               211
2000199               210
2000231               210
2000483               210
2000061               209
2000133               209
2000195               209
2000200               209
2000232               209
2000034               208
2000591               204
2000954               204
2000991               204
2000466               200
2000257               199
2000319               199
2000748               199
2000773               199
2000032               198
2000285               198
2000345               198
2000251               197
2000974               195
2000191               193
2000224               193
2000820               192
2000968               192
2000984               192
2001105               192
2000463               191
2000109               190
2000226               190
2000052               189
2000062               189
2000085               189
2000073               187
2000051               184
2000035               182
2000193               182
2000102               181
2000682               181
2000730               181
2000798               180
2000976               179
2000036               178
2000077               177
2000923               174
2000356               173
2000400               173
2000422               173
2000312               172
2000635               172
2000230               170
2000197               168
2000150               165
2000206               163
2000293               163
2000204               160
2000739               158
2000765               158
2000110               156
2000908               156
2000309               155
2000632               155
2000737               155
2000763               155
2000959               155
2000996               155
2000028               154
2000480               154
2000419               152
2000909               152
2000364               151
2000388               151
2000424               151
2000973               151
2000040               150
2000042               150
2000585               150
2000588               150
2000618               150
2000625               150
2000626               150
2000628               150
2000027               149
2000123               149
2000153               149
2000458               149
2000155               148
2000176               148
2000194               148
2000512               148
2000526               148
2000311               146
2000634               146
2000532               144
2000533               144
2000534               144
2000535               144
2000050               142
2000760               142
2000785               142
2000010               141
2000616               141
2000513               140
2000525               140
2000460               139
2000376               138
2000389               138
2000745               138
2000787               138
2000459               136
2000563               136
2000565               135
2000744               135
2000770               135
2000063               133
2000788               133
2000029               132
2000579               132
2000580               132
2000912               132
2000917               131
2000106               130
2000964               129
2000979               129
2001101               129
2000076               128
2000746               127
2000771               127
2000372               125
2000392               125
2000105               124
2000742               123
2000768               123
2000795               123
2000805               123
2000196               122
2000205               121
2000586               120
2000619               120
2000075               119
2000519               117
2000521               117
2000078               116
2000476               116
2000966               115
2001103               115
2000363               113
2000387               113
2000261               110
2000095               109
2000967               109
2001104               109
2000562               108
2000566               108
2000905               108
2000087               107
2000004               106
2000613               106
2000490               105
2000502               103
2000794               102
2000804               102
2000207               100
2000560               100
2000568               100
2000375                99
2000398                99
2000383                96
2000692                96
2000697                96
2000761                96
2000786                96
2000012                95
2000606                95
2000384                93
2000432                92
2000484                92
2000987                88
2000304                87
2000743                86
2000769                86
2000918                86
2000080                84
2000352                81
2000549                81
2000903                81
2000819                80
2000516                79
2000523                79
2000919                79
2000342                78
2000690                78
2000701                78
2000747                78
2000772                78
2000489                76
2000462                74
2000546                74
2000911                74
2000119                73
2000132                73
2000425                73
2000030                72
2000510                72
2000527                72
2000749                72
2000774                72
2000952                71
2000989                71
2000341                70
2000582                70
2000622                70
2000436                68
2000572                68
2000573                68
2000158                67
2000982                67
2000983                67
2001108                67
2001109                67
2000054                66
2000592                66
2000593                66
2000503                65
2000791                65
2000801                65
2000464                63
2000501                63
2000688                62
2000695                62
2000435                60
2000488                60
2000434                59
2000702                59
2000499                56
2000598                56
2000465                55
2000599                55
2000600                55
2000691                55
2000473                54
2000700                52
2000693                51
2000698                51
2000687                49
2000213                48
2000219                48
2000233                48
2000236                48
2000456                48
2000429                47
2000297                45
2000298                45
2000515                44
2000524                44
2000469                43
2000696                43
2000475                42
2000686                42
2000699                42
2000913                42
2000258                41
2000262                41
2000498                41
2000339                40
2000340                40
2000596                40
2000659                40
2000650                39
2000661                39
2000689                39
2000597                38
2000653                38
2000657                38
2000712                38
2000216                36
2000222                36
2000239                36
2000242                36
2000509                36
2000528                36
2000583                36
2000617                36
2000646                36
2000655                36
2000656                36
2000005                35
2000461                35
2000601                35
2000612                35
2000644                35
2000667                35
2000718                35
2000649                32
2000685                32
2000721                32
2000722                32
2000723                32
2000647                30
2000648                30
2000664                30
2000665                30
2000676                30
2000547                28
2000548                28
2000666                28
2000350                27
2000397                27
2000645                27
2000652                27
2000654                27
2000707                27
2000709                27
2000710                27
2000714                27
2000716                27
2000047                26
2000640                26
2000651                25
2000711                25
2000717                25
2000182                24
2000189                24
2000221                24
2000235                24
2000417                24
2000418                24
2000677                24
2000705                24
2000708                24
2000713                24
2000719                24
2000720                23
2000636                22
2000662                22
2000663                22
2000668                21
2000669                21
2000706                21
2000715                21
2000641                20
2000671                20
2000674                19
2000637                18
2000638                18
2000660                18
2000902                17
2000639                16
2000642                16
2000643                16
2000670                15
2000672                15
2000673                15
2000675                15
2000658                11
9000100                 8
9000101                 8
9000102                 8
9000103                 8
1000001                 4
1                       4
2                       4
3                       4
4                       4
5                       4
6                       4

--- 节点数为 0 的 part 已省略 ---
